1001
1002
1003
1004
1005
1006
1007
1008
1009
1010
1011
1012
1013
1014
1015
1016
1017
1018
1019
1020
1021
1022
1023
1024
1025
1026
1027
1028
1029
1030
1031
1032
1033
1034
1035
1036
1037
1038
1039
1040
1041
1042
1043
1044
1045
1046
1047
1048
1049
1050
1051
1052
1053
1054
1055
1056
1057
1058
1059
1060
1061
1062
1067
1068
1069
1070
1071
1072
1074
1075
1076
1078
1079
1080
1081
1082
1083
1084
1085
1086
1087
1088
1089
1090
1091
1092
1093
1094
1095
1096
1097
1098
1099
1100
1101
1102
1103
1104
1105
1106
1107
1108
1109
1110
1111
1112
1113
1114
1115
1116
1117
1118
1119
1120
1121
1122
1123
1124
1125
1126
1127
1128
1129
1130
1131
1132
1133
1134
1135
1136
1137
1138
1139
1140
1141
1142
1143
1144
1145
1146
1147
1148
1149
1150
1151
1152
1153
1154
1155
1156
1157
1158
1159
1160
1161
1162
1163
1164
1165
1166
1167
1168
1169
1170
1171
1172
1173
1174
1175
1176
1177
1178
1179
1180
1181
1182
1183
1184
1185
1186
1187
1188
1189
1191
1192
1193
1194
1195
1196
1197
1199
1202
1204
1205
1206
1999
2000
2001
2002
2003
2004
2005
2006
2007
2008
2009
2010
2011
2012
2013
2014
2015
2016
2017
2018
2019
2020
2021
2022
2023
2024
2025
2026
2027
2028
2029
2030
2031
2032
2033
2034
2035
2036
2037
2038
2039
2040
2041
2042
2043
2044
2045
2046
2047
2048
2049
2050
2051
2052
2102
2103
2104
2105
2106
2107
2108
2109
2110
2111
2112
2113
2115
2116
2117
2118
2119
2120
2121
2122
2123
2124
2125
2126
2127
2128
2129
2130
2131
2132
2133
2135
2136
2137
2138
2139
2140
2141
2142
2143
2145
2146
2147
2148
2149
2155
2160
2164
2167
2168
2169
3001
3002
3003
3004
3005
3007
3008
3009
3010
3011
3012
3013
3014
3015
3016
3017
3018
3019
3020
3021
3022
3023
3024
3026
3027
3028
3029
3051
3101
3102
3151
3152
3153
3201
3202
3251
3301
3401
3402
3403
3404
3405
3406
3407
3408
3409
3410
3411
3412
3413
3414
3415
3416
3417
3418
3419
3420
3421
3422
3423
3425
3426
3427
3428
3429
3430
3431
3432
3433
3434
3435
3436
3437
3438
3439
3441
3442
3443
3501
3502
3503
3516
3518
3519
3521
3522
3523
3525
3527
3529
3530
3533
3534
3535
3536
3537
3538
3539
3540
3542
3543
3544
3545
3546
3547
3548
3549
3550
3551
3552
3553
3554
3555
16854
4001
4002
4003
4004
4005
4006
4007
4008
4009
4010
4011
4012
4013
4014
4015
4016
4017
4018
4020
4021
4022
4024
4025
4026
4027
4051
4101
4102
4103
4151
4201
4251
4301
4302
4303
4304
4305
4306
4307
4308
4310
4311
4312
4313
4315
4317
4319
4320
4321
4322
4323
4324
4325
4326
4327
4328
4329
4330
4331
4332
4333
4334
4335
4336
4337
4338
4340
4341
4343
4344
4345
4346
4347
4348
4349
4350
4351
4352
4353
4354
4357
4363
4364
5502
5001
5002
5003
5004
5005
5006
5007
5008
5009
5010
5011
5012
5013
5014
5015
5016
5017
5018
5019
5020
5021
5022
5023
5024
5025
5026
5027
5028
5029
5051
5052
5053
5054
5055
5056
5057
5058
5059
5060
5061
5062
5063
5064
5066
5067
5101
5151
5202
5251
5252
5253
5301
5351
5401
5402
5403
5404
5405
5406
5407
5408
5409
5410
5411
5412
5413
5414
5416
5418
5419
5420
5421
5422
5423
5424
5425
5426
5427
5428
5429
5430
5431
5432
5433
5435
5436
5437
5438
5439
5440
5441
5442
5443
5444
5445
5446
5448
5449
5450
5451
5452
5453
5454
5455
5456
5457
5458
5459
5460
5461
5462
5463
5464
5465
5466
5467
5468
5469
5471
5472
5474
5475
5476
5477
5478
5479
5480
5481
5482
5483
5484
5485
5486
5487
5488
5489
5490
5491
5492
5493
5494
5495
5496
5497
5498
5499
5500
5501
5503
5505
5506
5508
5509
5511
5513
5514
5515
6001
6002
6003
6004
6005
6006
6007
6008
6009
6010
6011
6012
6013
6015
6016
6017
6018
6019
6020
6021
6022
6101
6102
6103
6104
6105
6106
6107
6108
6109
6110
6111
6112
6113
6114
6115
6116
6117
6118
6119
6120
6121
6122
6123
6124
6125
6126
6127
6128
6129
6130
6131
6132
6133
6134
6135
6136
6137
6138
6140
6141
6142
6143
6144
6145
6146
6147
6148
6149
6150
6151
6152
6153
6154
6155
6159
6160
6161
6162
6163
6164
7001
7002
7003
7004
7005
7006
7007
7008
7009
7010
7011
7012
7013
7014
7015
7016
7017
7018
7019
7020
7021
7022
7023
7024
7025
7026
7027
7028
7029
7030
7031
7033
7034
7035
7036
7037
7038
7040
7051
7101
7102
7103
7109
7151
7152
7201
7251
7252
7301
7351
7401
7402
7451
7501
7551
7601
7602
7701
7702
7703
7704
7705
7706
7707
7708
7709
7710
7711
7712
7713
7714
7715
7716
7717
7718
7719
7720
7721
7722
7724
7725
7726
7727
7728
7729
7730
7731
7732
7733
7734
7735
7736
7737
7738
7739
7740
7741
7742
7743
7744
7745
7746
7747
7748
7749
7750
7752
7753
7754
7755
7756
7757
7758
7759
7760
7761
7762
7763
7764
7765
7766
7767
7768
7769
7770
7771
7772
7773
7774
7775
7776
7777
7778
7780
7781
7783
7785
7787
7789
7790
7791
7792
8001
8002
8003
8004
8005
8006
8007
8008
8009
8010
8011
8012
8013
8014
8015
8016
8017
8018
8019
8020
8021
8022
8023
8024
8025
8026
8027
8028
8029
8030
8031
8032
8033
8034
8035
8036
8037
8038
8039
8040
8041
8042
8043
8044
8045
8046
8047
8048
8049
8050
8051
8052
8053
8054
8055
8101
8151
8154
8201
8251
8252
8301
8351
8352
8401
8402
8451
8501
8502
8551
8601
8602
8603
8605
8606
8607
8608
8609
8610
8611
8612
8613
8614
8615
8616
8617
8618
8619
8620
8621
8622
8623
8624
8625
8626
8627
8628
8629
8630
8631
8632
8633
8634
8635
8636
8637
8638
8639
8640
8641
8642
8643
8644
8645
8646
8647
8648
8649
8650
8651
8654
8655
8656
8657
8658
8659
8660
8661
8662
8663
8664
8665
8666
8667
8668
8669
8670
8671
8672
8673
8674
8675
8678
8679
8680
8681
8682
8683
8684
8685
8686
8687
8688
8689
8690
8691
8692
8693
8694
8695
8697
8698
8699
8700
8701
8702
8703
8704
8705
8706
8707
8710
8711
8712
8713
8714
8715
8716
8717
8718
8719
8720
8721
8722
8723
8724
8725
8726
8727
8728
8729
8730
8731
8732
8733
8734
8735
8736
8737
8738
8739
8740
8741
8742
8743
8744
8745
8746
8747
8748
8749
8750
8751
8752
8753
8754
8755
8757
8758
8760
8761
8762
8764
8765
8766
8767
8768
8769
8770
8771
9001
9002
9003
9004
9005
9006
9007
9008
9009
9010
9011
9012
9013
9014
9015
9016
9017
9018
9019
9020
9021
9022
9023
9024
9025
9026
9027
9028
9029
9030
9031
9032
9033
9034
9035
9036
9037
9038
9039
9040
9051
9052
9053
9054
9101
9151
9201
9202
9251
9301
9351
9401
9451
9501
9502
9503
9504
9505
9507
9508
9509
9510
9511
9512
9513
9514
9515
9516
9517
9518
9519
9520
9521
9522
9523
9524
9525
9526
9527
9528
9529
9530
9531
9532
9533
9534
9535
9536
9537
9538
9539
9540
9541
9542
9543
9544
9545
9546
9547
9548
9549
9552
9553
9554
9555
9556
9557
9558
9559
9561
9562
9563
9564
9565
9566
9567
9568
9569
9570
9572
9573
9577
9578
9579
9580
9581
9582
9584
9585
9586
9587
9589
9591
9592
10001
10002
10003
10004
10005
10006
10007
10008
10009
10010
10011
10012
10013
10014
10015
10016
10017
10018
10019
10020
10021
10022
10023
10024
10025
10026
10027
10028
10029
10030
10031
10032
10033
10034
10035
10036
10037
10038
10039
10040
10041
10042
10043
10044
10045
10046
10047
10048
10049
10050
10051
10052
10053
10055
10056
10057
10101
10102
10103
10151
10201
10251
10301
10351
10401
10451
10501
10502
10503
10504
10505
10506
10507
10508
10509
10510
10511
10512
10513
10514
10515
10516
10517
10518
10519
10520
10521
10522
10523
10524
10525
10526
10527
10528
10529
10531
10532
10533
10534
10535
10536
10537
10538
10540
10541
10542
10543
10544
10546
10547
10549
10550
10551
10552
10553
10554
10555
10556
10559
10560
10563
10564
10565
10566
10568
10569
10570
10571
10575
10579
10581
10582
10583
10584
10585
10586
11001
11002
11003
11004
11005
11006
11007
11008
11009
11010
11011
11012
11013
11014
11015
11016
11017
11018
11019
11020
11021
11022
11023
11024
11025
11026
11027
11028
11029
11030
11031
11032
11033
11051
11101
11151
11152
11201
11251
11252
11301
11351
11401
11451
11501
11502
11504
11505
11507
11509
11510
11511
11512
11514
11515
11516
11517
11518
11519
11520
11521
11522
11523
11524
11525
11526
11527
11528
11529
11530
11531
11532
11533
11535
11536
11537
11538
11539
11542
11543
11544
11545
11546
11547
11548
11549
11550
11552
11553
11554
11556
11557
11558
11559
11560
11561
11562
11563
11564
11566
11567
11568
11569
11570
11571
11572
11573
11574
11575
11576
11577
11579
11580
11581
11582
11583
11584
11585
11587
11588
11589
11590
11591
11595
11596
11597
11598
11599
11600
11603
11604
11605
11606
11608
11609
11610
12001
12002
12003
12004
12005
12006
12007
12008
12009
12010
12011
12012
12013
12014
12015
12016
12017
12018
12019
12020
12021
12022
12023
12024
12025
12026
12027
12028
12029
12030
12031
12032
12033
12034
12035
12036
12037
12038
12039
12040
12051
12101
12151
12201
12251
12301
12351
12352
12353
12401
12451
12501
12551
12601
12602
12603
12604
12701
12702
12703
12704
12705
12706
12707
12708
12709
12710
12711
12712
12713
12714
12715
12717
12719
12720
12721
12722
12723
12724
12725
12726
12727
12728
12729
12730
12731
12732
12733
12734
12735
12736
12737
12738
12739
12740
12741
12743
12744
12745
12746
12747
12748
12749
12750
12751
12752
12753
12754
12755
12756
12757
12758
12759
12760
12761
12762
12763
12764
12765
12766
12767
12768
12769
12770
12771
12772
12773
12774
12775
12776
12777
12778
12779
12780
12781
12783
12784
12785
12786
12787
12788
12789
12790
12791
12792
12793
12794
12795
12796
12797
12798
12799
12800
12801
12802
12803
12804
12805
12806
12807
12809
12810
12811
12812
12813
12814
12815
12816
12817
12818
12819
12820
12821
12822
12823
12824
12825
12827
12828
12829
13001
13002
13003
13004
13005
13006
13007
13008
13009
13010
13011
13012
13013
13014
13015
13016
13017
13018
13051
13052
13053
13101
13151
13201
13251
13301
13351
13401
13451
13501
13551
13601
13701
13702
13703
13704
13705
13706
13707
13710
13711
13712
13713
13714
13715
13716
13717
13718
13719
13720
13721
13722
13723
13724
13725
13726
13727
13728
13729
13730
13731
13732
13733
13734
13735
13736
13737
13738
13739
13740
13741
13742
13743
13744
13745
13747
13749
13750
13751
13752
13753
13754
13755
13756
13757
13758
13759
13760
13761
13762
13763
13764
13765
13766
13768
13769
13770
13771
13772
13773
13774
13775
13776
13777
13778
13779
13780
13781
13782
13783
13784
13785
13786
13787
13788
13789
13790
13791
13792
13793
13794
13795
13796
13797
13798
13799
13805
13806
13807
13808
13809
13810
13811
13812
13813
13814
13815
13816
13817
13819
13820
13821
13825
14001
14002
14003
14004
14005
14006
14007
14008
14009
14010
14011
14012
14013
14014
14015
14016
14017
14018
14019
14020
14021
14022
14051
14101
14151
14201
14202
14203
14204
14205
14206
14207
14208
14209
14210
14211
14212
14213
14214
14216
14217
14218
14219
14220
14221
14222
14223
14224
14225
14226
14227
15001
15002
15003
15004
15005
15006
15007
15008
15009
15010
15011
15012
15013
15014
15015
15016
15017
15018
15019
15020
15021
15022
15023
15024
15025
15026
15027
15051
15101
15151
15152
15201
15202
15251
15301
15351
15352
15401
15451
15501
15601
15602
15603
15604
15605
15606
15608
15610
15611
15612
15613
15614
15616
15617
15618
15619
15620
15621
15622
15623
15624
15625
15626
15627
15628
15629
15630
15631
15632
15633
15634
15635
15636
15637
15638
15639
15640
15641
15642
15643
15644
15645
15646
15647
15648
15649
15650
15651
15652
15653
15654
15655
15656
15657
15658
15659
15660
15661
15662
15664
15665
15667
15677
15681
15682
15683
15684
15685
15686
15687
15688
15689
15690
15691
15692
15693
15694
15695
15696
15697
15698
15699
15700
15701
15702
15704
15706
15707
15708
15711
15714
15715
16001
16002
16003
16004
16005
16006
16007
16008
16009
16010
16011
16012
16013
16014
16015
16016
16017
16018
16019
16020
16021
16022
16023
16024
16025
16026
16027
16051
16052
16053
16054
16101
16102
16103
16104
16105
16106
16151
16201
16251
16301
16302
16351
16353
16354
16401
16402
16451
16501
16551
16601
16651
16701
16702
16703
16704
16705
16706
16707
16708
16709
16710
16711
16712
16713
16714
16715
16716
16717
16719
16720
16721
16722
16723
16724
16725
16726
16727
16729
16730
16731
16732
16733
16734
16736
16737
16738
16739
16740
16741
16742
16744
16745
16746
16747
16748
16749
16750
16751
16752
16753
16754
16755
16756
16757
16758
16760
16761
16762
16763
16764
16765
16766
16767
16768
16769
16770
16771
16772
16773
16774
16775
16776
16777
16778
16779
16780
16781
16782
16783
16784
16785
16786
16787
16788
16789
16790
16792
16793
16794
16795
16796
16797
16798
16800
16812
16820
16821
16822
16823
16824
16825
16826
16827
16828
16829
16830
16831
16832
16833
16834
16835
16837
16838
16839
16840
16842
16843
16844
16845
16846
16848
16849
16850
16851
16852
16853
16855
16856
16857
16858
16861
16866
16867
16868
16869
16870
16871
16873
16874
16875
16877
16878
16881
16882
16884
16885
16887
16889
16890
16892
16893
17001
17002
17003
17004
17005
17006
17007
17008
17009
17051
17052
17053
17054
17055
17056
17057
17101
17102
17103
17151
17201
17251
17301
17303
17304
17305
17306
17307
17308
17309
17310
17401
17402
17403
17404
17405
17406
17407
17409
17410
17411
17412
17413
17414
17415
17416
17418
17419
17420
17421
17422
17424
17425
17426
17427
17428
17429
17430
17432
17433
17434
17435
17436
17437
17438
17439
17440
17441
17442
17443
17444
17445
17446
17447
17449
17550
17551
17552
17553
17554
17555
17556
17557
17558
17559
17560
17561
17562
17563
17565
17566
17567
17568
17569
17570
17571
17573
17574
17575
17576
17577
17578
18001
18002
18003
18004
18005
18006
18007
18008
18009
18010
18011
18012
18013
18014
18015
18016
18017
18018
18019
18020
18021
18022
18023
18024
18025
18026
18027
18028
18029
18030
18031
18032
18033
18034
18035
18036
18037
18038
18039
18040
18041
18042
18043
18044
18045
18046
18047
18048
18049
18050
18051
18052
18054
18057
18101
18102
18151
18152
18201
18202
18251
18252
18301
18302
18303
18351
18401
18451
18501
18551
18601
18701
18702
18703
18704
18705
18706
18707
18708
18709
18710
18711
18712
18714
18716
18717
18718
18719
18720
18721
18722
18723
18724
18725
18726
18727
18728
18729
18730
18731
18732
18733
18735
18736
18737
18738
18739
18740
18741
18744
18745
18746
18747
18748
18749
18750
18751
18752
18753
18755
18756
18757
18758
18759
18760
18761
18762
18763
18764
18765
18767
18768
18769
18770
18771
18772
18773
18775
18777
18778
18779
18780
18781
18782
18793
18798
18979
18980
18981
18983
18984
18985
18991
18994
18995
18996
18997
18999
19001
19002
19003
19004
19005
19006
19007
19008
19009
19010
19011
19012
19013
19014
19015
19016
19017
19018
19019
19020
19021
19022
19023
19024
19025
19026
19027
19028
19029
19030
19031
19032
19033
19102
19103
19104
19105
19106
19107
19108
19109
19110
19111
19112
19113
19114
19115
19116
19118
19119
19120
19121
19122
19123
19124
19126
19128
19130
19132
19134
19136
19138
19140
19142
19144
19145
19146
19147
19148
19150
19151
19152
19153
20001
20002
20003
20004
20005
20006
20007
20008
20009
20010
20011
20012
20013
20014
20015
20016
20017
20018
20019
20020
20051
20101
20151
20201
20301
20302
20303
20304
20305
20307
20309
20310
20311
20312
20313
20314
20315
20316
20317
20318
20319
20321
20322
20323
20324
20326
20327
20328
20329
20330
20331
20332
20333
20334
20335
20336
20337
20338
20339
20341
20342
20343
20344
20345
20346
20347
20348
20349
21001
21002
21003
21004
21005
21006
21007
21008
21009
21010
21011
21012
21013
21014
21015
21016
21017
21018
21019
21051
21052
21053
21054
21055
21056
21101
21102
21151
21153
21159
21198
21202
21203
21251
21252
21301
21302
21351
21401
21451
21452
21501
21601
21602
21603
21604
21605
21606
21607
21608
21609
21610
21611
21612
21615
21616
21617
21618
21619
21620
21621
21622
21623
21624
21625
21627
21628
21629
21630
21631
21632
21633
21634
21635
21636
21637
21638
21639
21642
21643
21644
21645
21646
21647
21648
21649
21651
21652
21653
21654
21655
21656
21657
21658
21659
21660
21661
21662
21663
21664
21665
21666
21667
21668
21669
21670
21671
21672
21673
21674
21675
21676
21677
21678
21679
21680
21681
21682
21683
21684
21685
21686
21687
21688
21689
21690
21691
21692
21693
21694
21695
21696
21697
21698
21699
21701
21704
21706
21707
21708
21709
21712
21714
21716
21717
21718
21719
21720
21721
21722
21723
21725
21726
21727
21728
22001
22002
22003
22004
22005
22006
22007
22008
22009
22010
22011
22012
22013
22014
22015
22016
22017
22051
22101
22151
22152
22153
22201
22251
22301
22351
22401
22402
22403
22404
22405
22406
22407
22408
22409
22410
22411
22412
22413
22414
22415
22416
22417
22418
22419
22420
22421
22422
22423
22424
22425
22426
22427
22428
22429
22430
22431
22432
22433
22434
22435
22436
22437
22438
22439
22440
22441
22442
22443
22444
22445
22446
22447
22448
22449
22450
22451
22452
22453
22454
22455
22456
22457
22458
22459
22460
22461
22462
22463
22464
22465
22466
22467
22468
22469
22470
22471
22472
22473
22475
22477
23001
23002
23003
23004
23005
23006
23007
23008
23009
23010
23011
23012
23013
23014
23015
23016
23017
23018
23019
23020
23021
23022
23023
23024
23051
23101
23151
23201
23202
23251
23301
23351
23401
23402
23403
23404
23405
23406
23407
23408
23409
23410
23411
23412
23413
23414
23415
23416
23417
23418
23419
23420
23421
23422
23423
23424
23425
23426
23427
23428
23429
23430
23431
23432
23433
23435
23436
23437
23438
23439
23440
23441
23443
23444
23445
23446
23448
23449
23450
23451
23452
23453
23454
23455
23456
23457
23458
23459
23460
23461
23462
23463
23500
23501
23502
23503
23504
23506
23507
23508
23509
23510
23512
23513
23514
23515
23516
23517
23518
23519
23521
23522
23524
23525
23526
23527
18055
18056
24001
24002
24003
24004
24005
24006
24007
24008
24009
24010
24011
24051
24052
24101
24151
24201
24251
24301
24302
24303
24304
24306
24307
24308
24310
24311
24312
24313
24314
24315
24316
24318
24319
24320
24321
24322
24323
24324
24325
24326
24327
24328
24329
24330
24331
24333
24334
24335
24336
24337
25001
25002
25003
25004
25005
25006
25007
25008
25009
25051
25052
25053
25054
25101
25151
25152
25201
25251
25301
25351
25401
25404
25405
25406
25407
25408
25409
25410
25411
25501
25502
25503
25504
25505
25506
25507
25508
25509
25510
25511
25512
25513
25514
25515
25516
25517
25518
25519
25520
25521
25522
25523
25524
25525
25526
25527
25528
25529
25530
25531
25532
25534
25535
25536
25537
25538
25539
25540
25541
25542
25543
25544
25547
25548
26001
26002
26003
26004
26005
26006
26007
26008
26009
26010
26011
26012
26013
26014
26015
26016
26017
26018
26051
26101
26151
26201
26301
26302
26303
26304
26305
26307
26308
26309
26310
26311
26312
26313
26314
26315
26316
26317
26318
26319
26320
26321
26322
26323
26325
26326
26327
26328
26329
26330
26331
26332
26334
26335
26336
26337
26338
27001
27002
27003
27004
27005
27006
27007
27051
27201
27202
27203
27204
27205
27206
27207
27208
27209
27210
27211
28001
28002
28003
28004
28005
28006
28101
28102
28103
28104
28105
28106
28107
28108
29001
29002
29003
29004
29005
29006
29007
29008
29009
29010
29011
29012
29013
29014
29015
29016
29017
29018
29019
29020
29051
29101
29151
29201
29251
29301
29302
29303
29304
29305
29306
29307
29309
29310
29311
29312
29313
29314
29315
29316
29317
29318
29319
29320
29321
29322
29323
29324
29325
29326
29327
29328
29329
29331
29332
30001
30002
30005
30051
30101
30201
30202
30203
30204
30205
30206
30207
30208
30209
30210
30211
30212
30213
30214
31001
31002
31003
31101
31102
31103
31104
32001
32002
32003
32004
32005
32006
32007
32008
32009
32010
32011
32012
32013
33001
33002
33003
33004
33005
33006
33007
33008
33009
33010
34001
34002
34003
34004
34005
34006
34007
34008
34009
34010
34011
34012
34013
34014
34015
34016
34017
34018
34019
34020
34021
34022
34023
34024
34025
34026
34027
34028
34029
34030
34031
34032
34033
34034
34035
34036
34037
34038
34039
34040
34041
34042
34043
34044
34045
34046
34047
34048
34049
34050
34051
34052
34053
34054
34055
34056
34057
34058
34059
34060
34061
34062
34063
34064
34065
34066
34067
34068
34069
34070
34072
34073
34074
34075
34076
34077
34078
34079
34080
34081
34082
34083
34084
34085
34086
34087
34088
34089
34090
34091
34092
